(11, 365, 81, 71) (38, 248, 86, 100) (79, 23, 60, 74) (104, 451, 94, 153) 
(0, 125, 61, 96) (30, 401, 90, 91) (218, 33, 70, 85) (263, 0, 59, 30) (403, 477, 51, 51) (419, 457, 38, 21) 
(46, 229, 47, 47) (95, 274, 19, 37) (254, 569, 59, 71) (352, 360, 98, 98) (384, 548, 91, 78) 
(173, 223, 74, 77) (220, 0, 87, 78) (298, 166, 91, 93) (401, 565, 39, 55) (421, 516, 89, 89) 
(26, 115, 77, 85) (128, 207, 85, 102) (208, 82, 74, 68) (386, 541, 80, 78) (419, 457, 87, 67) 
(0, 575, 47, 69) (167, 343, 73, 73) (223, 400, 59, 67) (343, 63, 88, 87) (375, 508, 65, 75) 
(104, 0, 94, 72) (153, 220, 83, 90) (310, 102, 87, 110) (420, 177, 80, 81) 
(0, 462, 79, 75) (228, 348, 125, 112) (302, 0, 48, 48) (346, 0, 29, 40) (418, 0, 90, 42) 
(0, 584, 80, 86) (159, 21, 83, 119) (317, 585, 95, 96) (372, 361, 86, 87) 
(248, 90, 78, 88) (302, 190, 76, 87) (373, 86, 92, 79) (383, 220, 89, 79) (426, 0, 85, 82) 
